#
# generated by ByoDyn version 4.0
#
0.0154106791937	0.00707	0.707	0.446106604612
0.0467637798343	0.00707	0.707	0.14774806286
0.0664387159682	0.00707	0.707	1.01716521739
0.0364087373097	0.00707	0.707	0.768209156842
0.684081682959	0.00707	0.707	1.67059624132
0.0150676925646	0.00707	0.707	0.844762253644
0.526812540429	0.00707	0.707	0.772335977463
0.0676117761529	0.00707	0.707	0.550879180559
0.105733881485	0.00707	0.707	0.244541251063
0.00886715064541	0.00707	0.707	0.748063225318
0.23092162375	0.00707	0.707	0.304530007762
0.0780658194762	0.00707	0.707	0.493719097681
0.534066764191	0.00707	0.707	0.325085207634
0.0934693957293	0.00707	0.707	0.568880747693
0.370906229878	0.00707	0.707	0.214659698497
0.0417831260532	0.00707	0.707	1.49208637197
0.022075466533	0.00707	0.707	0.319681276194
0.0138683436863	0.00707	0.707	1.4748829076
0.257810901867	0.00707	0.707	0.801898367906
0.0096619789758	0.00707	0.707	0.252309073853
0.445996439158	0.00707	0.707	0.354190103812
0.0218917618175	0.00707	0.707	0.586072602804
0.0232533325488	0.00707	0.707	0.762301215055
0.00741856132163	0.00707	0.707	1.34218268631
0.103825997202	0.00707	0.707	0.898417113236
0.0113111935222	0.00707	0.707	0.432008565135
0.0299368510941	0.00707	0.707	0.872138216044
0.00970460529022	0.00707	0.707	2.24293532434
0.0148818070226	0.00707	0.707	0.700407855175
0.086709466215	0.00707	0.707	1.34999844282
0.0913027020744	0.00707	0.707	0.497092599991
0.00880345920711	0.00707	0.707	0.583338688836
0.0071735445381	0.00707	0.707	0.565051117757
0.0208161371732	0.00707	0.707	0.887692093005
0.0124452357331	0.00707	0.707	0.138950405497
0.0712135932595	0.00707	0.707	0.835122996057
0.0167997488478	0.00707	0.707	1.11780695815
0.0233433545892	0.00707	0.707	0.743267429515
0.0107154503209	0.00707	0.707	0.264228667293
0.183050892223	0.00707	0.707	0.530951434699
0.0241336430441	0.00707	0.707	0.314124817183
0.0528760224389	0.00707	0.707	1.24062556945
0.160227239201	0.00707	0.707	1.33275793443
0.0179926479619	0.00707	0.707	1.21536632762
0.011287149946	0.00707	0.707	0.217523642304
0.0176597185015	0.00707	0.707	1.4445028812
0.0982596417138	0.00707	0.707	1.55404922894
0.0339908471127	0.00707	0.707	0.57308378934
0.0108293709444	0.00707	0.707	1.46910779223
0.0387225447417	0.00707	0.707	0.402851876142
0.421259369985	0.00707	0.707	0.774591458932
0.0476640809626	0.00707	0.707	0.201717880457
0.0114295287854	0.00707	0.707	1.59943006993
0.0167183048036	0.00707	0.707	1.07339081599
0.0378345335213	0.00707	0.707	0.632380058545
0.0109735511893	0.00707	0.707	0.266172934897
0.430498394946	0.00707	0.707	1.87627639714
0.015651668955	0.00707	0.707	1.07257989314
0.125375832678	0.00707	0.707	1.31949446873
0.00712137475378	0.00707	0.707	0.578128186751
0.634800125014	0.00707	0.707	1.05568266456
0.517079613317	0.00707	0.707	0.665840434547
0.00912783293442	0.00707	0.707	0.50596992815
0.387428137274	0.00707	0.707	0.304732981311
0.00937328947032	0.00707	0.707	1.75039135717
0.0758436378274	0.00707	0.707	1.39849084983
0.0613402764537	0.00707	0.707	0.620070774739
0.209302228099	0.00707	0.707	0.13365688752
0.116081937544	0.00707	0.707	0.254411625264
0.0345274294788	0.00707	0.707	0.911176126646
0.0236224602249	0.00707	0.707	0.868401520251
0.268373474559	0.00707	0.707	0.644468589974
0.0134049332689	0.00707	0.707	0.229367935754
0.0530188163817	0.00707	0.707	0.744583148234
0.150943349706	0.00707	0.707	2.20986588783
0.384501624012	0.00707	0.707	1.00926469345
0.098988097339	0.00707	0.707	1.21404304944
0.149218991016	0.00707	0.707	1.25312169286
0.0549712800982	0.00707	0.707	0.236843730124
0.685642966254	0.00707	0.707	0.865815546073
0.00746527065894	0.00707	0.707	0.952233312715
0.136223608699	0.00707	0.707	1.28386906991
0.0100419028309	0.00707	0.707	1.34656213639
0.222118143893	0.00707	0.707	1.46373483378
0.00838359635525	0.00707	0.707	1.28408761324
0.200314790272	0.00707	0.707	0.715661231559
0.0339560319706	0.00707	0.707	0.309746564117
0.0321664468981	0.00707	0.707	0.625340035855
0.0232911250783	0.00707	0.707	0.567969281038
0.0161041348249	0.00707	0.707	1.29386594453
0.115819615882	0.00707	0.707	0.604056117157
0.00936946083835	0.00707	0.707	1.45571638822
0.0181789958487	0.00707	0.707	0.430760025457
0.0880591782494	0.00707	0.707	0.631226685132
0.0351012868853	0.00707	0.707	0.850052517095
0.112263978843	0.00707	0.707	0.508061733805
0.0693763171386	0.00707	0.707	0.892799969615
0.0276840207816	0.00707	0.707	3.3517700202
0.00859951877221	0.00707	0.707	0.813249333753
0.0544939422885	0.00707	0.707	0.642645994561
