#
# generated by ByoDyn version 4.0
#
0.0567720782736	0.00134	0.134	0.446106604612
0.00301616438488	0.00134	0.134	0.14774806286
0.044297964033	0.00134	0.134	1.01716521739
0.00295345169126	0.00134	0.134	0.768209156842
0.00207390465633	0.00134	0.134	1.67059624132
0.0112982281231	0.00134	0.134	0.844762253644
0.0579018960874	0.00134	0.134	0.772335977463
0.0842792748885	0.00134	0.134	0.550879180559
0.00408856719172	0.00134	0.134	0.244541251063
0.00325572793935	0.00134	0.134	0.748063225318
0.00134306252217	0.00134	0.134	0.304530007762
0.0916533749029	0.00134	0.134	0.493719097681
0.00151312700687	0.00134	0.134	0.325085207634
0.00143135414471	0.00134	0.134	0.568880747693
0.0136235936424	0.00134	0.134	0.214659698497
0.0472865019207	0.00134	0.134	1.49208637197
0.00143781742546	0.00134	0.134	0.319681276194
0.0110755059308	0.00134	0.134	1.4748829076
0.0127692746475	0.00134	0.134	0.801898367906
0.0183329355238	0.00134	0.134	0.252309073853
0.0160317917242	0.00134	0.134	0.354190103812
0.00368693124734	0.00134	0.134	0.586072602804
0.0260300250161	0.00134	0.134	0.762301215055
0.00290031395504	0.00134	0.134	1.34218268631
0.00148893338232	0.00134	0.134	0.898417113236
0.038041761279	0.00134	0.134	0.432008565135
0.00220806207087	0.00134	0.134	0.872138216044
0.0043383668117	0.00134	0.134	2.24293532434
0.00306356617736	0.00134	0.134	0.700407855175
0.00330586697078	0.00134	0.134	1.34999844282
0.00466141309355	0.00134	0.134	0.497092599991
0.00923567685671	0.00134	0.134	0.583338688836
0.0535479152906	0.00134	0.134	0.565051117757
0.0739174077186	0.00134	0.134	0.887692093005
0.00563907137288	0.00134	0.134	0.138950405497
0.125994390724	0.00134	0.134	0.835122996057
0.00135148455732	0.00134	0.134	1.11780695815
0.0900533646158	0.00134	0.134	0.743267429515
0.00455134770704	0.00134	0.134	0.264228667293
0.0566850667654	0.00134	0.134	0.530951434699
0.00574306114596	0.00134	0.134	0.314124817183
0.0478345505991	0.00134	0.134	1.24062556945
0.0978083776418	0.00134	0.134	1.33275793443
0.03652844826	0.00134	0.134	1.21536632762
0.0768827408554	0.00134	0.134	0.217523642304
0.0352093999795	0.00134	0.134	1.4445028812
0.0116395234936	0.00134	0.134	1.55404922894
0.0104261668767	0.00134	0.134	0.57308378934
0.0373564286597	0.00134	0.134	1.46910779223
0.0797301816226	0.00134	0.134	0.402851876142
0.0675417048904	0.00134	0.134	0.774591458932
0.12503571418	0.00134	0.134	0.201717880457
0.0245573311702	0.00134	0.134	1.59943006993
0.120312621265	0.00134	0.134	1.07339081599
0.102868414546	0.00134	0.134	0.632380058545
0.0373300977038	0.00134	0.134	0.266172934897
0.00506612474636	0.00134	0.134	1.87627639714
0.00330811478571	0.00134	0.134	1.07257989314
0.0535791887373	0.00134	0.134	1.31949446873
0.00264009261306	0.00134	0.134	0.578128186751
0.121071909418	0.00134	0.134	1.05568266456
0.0241152753192	0.00134	0.134	0.665840434547
0.00470533240627	0.00134	0.134	0.50596992815
0.0426144401978	0.00134	0.134	0.304732981311
0.00985489026897	0.00134	0.134	1.75039135717
0.00335267954654	0.00134	0.134	1.39849084983
0.0112363985351	0.00134	0.134	0.620070774739
0.0176952131822	0.00134	0.134	0.13365688752
0.00743993565925	0.00134	0.134	0.254411625264
0.0463770646105	0.00134	0.134	0.911176126646
0.01443220021	0.00134	0.134	0.868401520251
0.0210921603396	0.00134	0.134	0.644468589974
0.0758306448278	0.00134	0.134	0.229367935754
0.110277867631	0.00134	0.134	0.744583148234
0.00144940600351	0.00134	0.134	2.20986588783
0.00476079657048	0.00134	0.134	1.00926469345
0.046522972427	0.00134	0.134	1.21404304944
0.0165349646574	0.00134	0.134	1.25312169286
0.00214528182507	0.00134	0.134	0.236843730124
0.0395781508146	0.00134	0.134	0.865815546073
0.127514591925	0.00134	0.134	0.952233312715
0.00222320201021	0.00134	0.134	1.28386906991
0.0386643205029	0.00134	0.134	1.34656213639
0.0447109517297	0.00134	0.134	1.46373483378
0.00362880100123	0.00134	0.134	1.28408761324
0.0472616320171	0.00134	0.134	0.715661231559
0.00189914911424	0.00134	0.134	0.309746564117
0.0520072403703	0.00134	0.134	0.625340035855
0.0960616394172	0.00134	0.134	0.567969281038
0.00718198451238	0.00134	0.134	1.29386594453
0.0192376111353	0.00134	0.134	0.604056117157
0.0207925853907	0.00134	0.134	1.45571638822
0.0725534837627	0.00134	0.134	0.430760025457
0.00358937795284	0.00134	0.134	0.631226685132
0.0198149670601	0.00134	0.134	0.850052517095
0.00357554714026	0.00134	0.134	0.508061733805
0.0462845072501	0.00134	0.134	0.892799969615
0.0245294199491	0.00134	0.134	3.3517700202
0.00235726081226	0.00134	0.134	0.813249333753
0.0181580091224	0.00134	0.134	0.642645994561
