#
# generated by ByoDyn version 4.0
#
0.00206257635236	0.00057	0.057	0.446106604612
0.0258792664078	0.00057	0.057	0.14774806286
0.0315693263912	0.00057	0.057	1.01716521739
0.0343807044316	0.00057	0.057	0.768209156842
0.0016497374358	0.00057	0.057	1.67059624132
0.0167547635581	0.00057	0.057	0.844762253644
0.0217519652297	0.00057	0.057	0.772335977463
0.00127762963048	0.00057	0.057	0.550879180559
0.00430444202297	0.00057	0.057	0.244541251063
0.0134760279883	0.00057	0.057	0.748063225318
0.0525184183948	0.00057	0.057	0.304530007762
0.00938238521222	0.00057	0.057	0.493719097681
0.0020448566913	0.00057	0.057	0.325085207634
0.0301936840843	0.00057	0.057	0.568880747693
0.0142297675984	0.00057	0.057	0.214659698497
0.000640592805419	0.00057	0.057	1.49208637197
0.0268623386713	0.00057	0.057	0.319681276194
0.0107863019604	0.00057	0.057	1.4748829076
0.0233789378404	0.00057	0.057	0.801898367906
0.0265139519056	0.00057	0.057	0.252309073853
0.0169047732982	0.00057	0.057	0.354190103812
0.0480479097448	0.00057	0.057	0.586072602804
0.00200397698112	0.00057	0.057	0.762301215055
0.0203648723367	0.00057	0.057	1.34218268631
0.00791549468295	0.00057	0.057	0.898417113236
0.0104895395153	0.00057	0.057	0.432008565135
0.0296227587404	0.00057	0.057	0.872138216044
0.00231914107285	0.00057	0.057	2.24293532434
0.00104345025069	0.00057	0.057	0.700407855175
0.0159820177189	0.00057	0.057	1.34999844282
0.0114948254716	0.00057	0.057	0.497092599991
0.0085042038339	0.00057	0.057	0.583338688836
0.0468594894267	0.00057	0.057	0.565051117757
0.0424314950127	0.00057	0.057	0.887692093005
0.00118763102894	0.00057	0.057	0.138950405497
0.00166390219895	0.00057	0.057	0.835122996057
0.00247572087151	0.00057	0.057	1.11780695815
0.00346166777759	0.00057	0.057	0.743267429515
0.00108278671387	0.00057	0.057	0.264228667293
0.0149014625647	0.00057	0.057	0.530951434699
0.000630392909077	0.00057	0.057	0.314124817183
0.00533285855344	0.00057	0.057	1.24062556945
0.0127572612451	0.00057	0.057	1.33275793443
0.00244389555311	0.00057	0.057	1.21536632762
0.000950436816904	0.00057	0.057	0.217523642304
0.00815010169255	0.00057	0.057	1.4445028812
0.000620465402948	0.00057	0.057	1.55404922894
0.00202395633055	0.00057	0.057	0.57308378934
0.00071254262158	0.00057	0.057	1.46910779223
0.0407697717944	0.00057	0.057	0.402851876142
0.00629360448684	0.00057	0.057	0.774591458932
0.0044167178833	0.00057	0.057	0.201717880457
0.0399868828223	0.00057	0.057	1.59943006993
0.00971423795046	0.00057	0.057	1.07339081599
0.00119146585567	0.00057	0.057	0.632380058545
0.016030180423	0.00057	0.057	0.266172934897
0.0484129366798	0.00057	0.057	1.87627639714
0.0176482390655	0.00057	0.057	1.07257989314
0.00429528241368	0.00057	0.057	1.31949446873
0.00146550873026	0.00057	0.057	0.578128186751
0.00219858201519	0.00057	0.057	1.05568266456
0.00743985813433	0.00057	0.057	0.665840434547
0.00336551767315	0.00057	0.057	0.50596992815
0.00283936402606	0.00057	0.057	0.304732981311
0.001099451258	0.00057	0.057	1.75039135717
0.0013392406632	0.00057	0.057	1.39849084983
0.00345765140035	0.00057	0.057	0.620070774739
0.000636289844014	0.00057	0.057	0.13365688752
0.0139426043195	0.00057	0.057	0.254411625264
0.00624274178223	0.00057	0.057	0.911176126646
0.0232828059534	0.00057	0.057	0.868401520251
0.000673717810472	0.00057	0.057	0.644468589974
0.0202491756909	0.00057	0.057	0.229367935754
0.00335143796837	0.00057	0.057	0.744583148234
0.00230889997945	0.00057	0.057	2.20986588783
0.0251731607179	0.00057	0.057	1.00926469345
0.0008136643652	0.00057	0.057	1.21404304944
0.000911229525565	0.00057	0.057	1.25312169286
0.00255144111864	0.00057	0.057	0.236843730124
0.00381363122902	0.00057	0.057	0.865815546073
0.000754682397994	0.00057	0.057	0.952233312715
0.0292536755547	0.00057	0.057	1.28386906991
0.00495611470278	0.00057	0.057	1.34656213639
0.0201345127607	0.00057	0.057	1.46373483378
0.0310463938586	0.00057	0.057	1.28408761324
0.0528420950484	0.00057	0.057	0.715661231559
0.0464380710096	0.00057	0.057	0.309746564117
0.0383587898234	0.00057	0.057	0.625340035855
0.0509974995945	0.00057	0.057	0.567969281038
0.00284171666429	0.00057	0.057	1.29386594453
0.0035840141389	0.00057	0.057	0.604056117157
0.00185095388806	0.00057	0.057	1.45571638822
0.00083654269064	0.00057	0.057	0.430760025457
0.0369609284774	0.00057	0.057	0.631226685132
0.00151570167202	0.00057	0.057	0.850052517095
0.0490604335023	0.00057	0.057	0.508061733805
0.0046296212084	0.00057	0.057	0.892799969615
0.000768786974339	0.00057	0.057	3.3517700202
0.00113190110485	0.00057	0.057	0.813249333753
0.00697843863385	0.00057	0.057	0.642645994561
