#
# generated by ByoDyn version 4.0
#
0.0583246923542	0.00156	0.156	0.446106604612
0.0396468261983	0.00156	0.156	0.14774806286
0.00278390365438	0.00156	0.156	1.01716521739
0.0110671169411	0.00156	0.156	0.768209156842
0.0522334192592	0.00156	0.156	1.67059624132
0.0887210302442	0.00156	0.156	0.844762253644
0.0801122015404	0.00156	0.156	0.772335977463
0.00443791356946	0.00156	0.156	0.550879180559
0.0403764340213	0.00156	0.156	0.244541251063
0.0965213262751	0.00156	0.156	0.748063225318
0.0674246444471	0.00156	0.156	0.304530007762
0.00841538780057	0.00156	0.156	0.493719097681
0.106630634819	0.00156	0.156	0.325085207634
0.0324884380317	0.00156	0.156	0.568880747693
0.100733673909	0.00156	0.156	0.214659698497
0.00268263554377	0.00156	0.156	1.49208637197
0.0127124134159	0.00156	0.156	0.319681276194
0.140703863266	0.00156	0.156	1.4748829076
0.00188680857402	0.00156	0.156	0.801898367906
0.146193649364	0.00156	0.156	0.252309073853
0.0487736082492	0.00156	0.156	0.354190103812
0.0555899950202	0.00156	0.156	0.586072602804
0.001976835504	0.00156	0.156	0.762301215055
0.00214193868731	0.00156	0.156	1.34218268631
0.00304277350685	0.00156	0.156	0.898417113236
0.0223549493475	0.00156	0.156	0.432008565135
0.134880840564	0.00156	0.156	0.872138216044
0.00240372951483	0.00156	0.156	2.24293532434
0.0600347006122	0.00156	0.156	0.700407855175
0.00244153971331	0.00156	0.156	1.34999844282
0.00265916101245	0.00156	0.156	0.497092599991
0.0190868533096	0.00156	0.156	0.583338688836
0.0548776232776	0.00156	0.156	0.565051117757
0.00331930038577	0.00156	0.156	0.887692093005
0.0229101181463	0.00156	0.156	0.138950405497
0.0126769977476	0.00156	0.156	0.835122996057
0.0127615725308	0.00156	0.156	1.11780695815
0.0141727096518	0.00156	0.156	0.743267429515
0.0435702036568	0.00156	0.156	0.264228667293
0.00748866891106	0.00156	0.156	0.530951434699
0.0136398397555	0.00156	0.156	0.314124817183
0.136963402687	0.00156	0.156	1.24062556945
0.00313413733274	0.00156	0.156	1.33275793443
0.051253307744	0.00156	0.156	1.21536632762
0.00989497956333	0.00156	0.156	0.217523642304
0.13913545407	0.00156	0.156	1.4445028812
0.00470718124652	0.00156	0.156	1.55404922894
0.0188323531924	0.00156	0.156	0.57308378934
0.00578462751185	0.00156	0.156	1.46910779223
0.0418415529256	0.00156	0.156	0.402851876142
0.0310551766881	0.00156	0.156	0.774591458932
0.0242285379717	0.00156	0.156	0.201717880457
0.0019886299736	0.00156	0.156	1.59943006993
0.01380431609	0.00156	0.156	1.07339081599
0.0369707213748	0.00156	0.156	0.632380058545
0.0381228519821	0.00156	0.156	0.266172934897
0.00794319647061	0.00156	0.156	1.87627639714
0.014523518372	0.00156	0.156	1.07257989314
0.0690809206856	0.00156	0.156	1.31949446873
0.00600497785938	0.00156	0.156	0.578128186751
0.0321023283985	0.00156	0.156	1.05568266456
0.0349411919583	0.00156	0.156	0.665840434547
0.00613173105909	0.00156	0.156	0.50596992815
0.021155947629	0.00156	0.156	0.304732981311
0.0638930156548	0.00156	0.156	1.75039135717
0.0921709510119	0.00156	0.156	1.39849084983
0.00237932294021	0.00156	0.156	0.620070774739
0.0106962959225	0.00156	0.156	0.13365688752
0.0331750958462	0.00156	0.156	0.254411625264
0.00249766745842	0.00156	0.156	0.911176126646
0.0216481122473	0.00156	0.156	0.868401520251
0.0116128696769	0.00156	0.156	0.644468589974
0.021794757894	0.00156	0.156	0.229367935754
0.00409442938391	0.00156	0.156	0.744583148234
0.14945464051	0.00156	0.156	2.20986588783
0.0552866290448	0.00156	0.156	1.00926469345
0.0118581789589	0.00156	0.156	1.21404304944
0.00509903350577	0.00156	0.156	1.25312169286
0.0174150042297	0.00156	0.156	0.236843730124
0.0375194694242	0.00156	0.156	0.865815546073
0.00160283779472	0.00156	0.156	0.952233312715
0.11696346788	0.00156	0.156	1.28386906991
0.00324101678668	0.00156	0.156	1.34656213639
0.00430528597395	0.00156	0.156	1.46373483378
0.147475785476	0.00156	0.156	1.28408761324
0.114972139339	0.00156	0.156	0.715661231559
0.0335739411638	0.00156	0.156	0.309746564117
0.0586029704887	0.00156	0.156	0.625340035855
0.0235846241847	0.00156	0.156	0.567969281038
0.00730047828068	0.00156	0.156	1.29386594453
0.0538969705305	0.00156	0.156	0.604056117157
0.00419209129978	0.00156	0.156	1.45571638822
0.00623333224052	0.00156	0.156	0.430760025457
0.00867316036504	0.00156	0.156	0.631226685132
0.0328744694861	0.00156	0.156	0.850052517095
0.10220462213	0.00156	0.156	0.508061733805
0.0383022113121	0.00156	0.156	0.892799969615
0.00162188026017	0.00156	0.156	3.3517700202
0.0129218914099	0.00156	0.156	0.813249333753
0.027615114827	0.00156	0.156	0.642645994561
