#
# generated by ByoDyn version 4.0
#
0.124211889498	0.00155	0.155	0.446106604612
0.0459939107082	0.00155	0.155	0.14774806286
0.0100873706968	0.00155	0.155	1.01716521739
0.00312805766563	0.00155	0.155	0.768209156842
0.00197374196779	0.00155	0.155	1.67059624132
0.0135482744885	0.00155	0.155	0.844762253644
0.0144430319483	0.00155	0.155	0.772335977463
0.0127401209855	0.00155	0.155	0.550879180559
0.0273962819281	0.00155	0.155	0.244541251063
0.0256327760667	0.00155	0.155	0.748063225318
0.144325384855	0.00155	0.155	0.304530007762
0.0373777425599	0.00155	0.155	0.493719097681
0.0978970452929	0.00155	0.155	0.325085207634
0.130923395089	0.00155	0.155	0.568880747693
0.115463872845	0.00155	0.155	0.214659698497
0.104859242706	0.00155	0.155	1.49208637197
0.0180277444304	0.00155	0.155	0.319681276194
0.00856838174483	0.00155	0.155	1.4748829076
0.0292797722704	0.00155	0.155	0.801898367906
0.0942513048826	0.00155	0.155	0.252309073853
0.021975266599	0.00155	0.155	0.354190103812
0.00266394253928	0.00155	0.155	0.586072602804
0.0146962909826	0.00155	0.155	0.762301215055
0.00156631688164	0.00155	0.155	1.34218268631
0.00482525205807	0.00155	0.155	0.898417113236
0.0627822734939	0.00155	0.155	0.432008565135
0.0216706212283	0.00155	0.155	0.872138216044
0.002704573573	0.00155	0.155	2.24293532434
0.0223391468376	0.00155	0.155	0.700407855175
0.00165338469675	0.00155	0.155	1.34999844282
0.0148465988573	0.00155	0.155	0.497092599991
0.0725616409409	0.00155	0.155	0.583338688836
0.00590163673254	0.00155	0.155	0.565051117757
0.0305722302867	0.00155	0.155	0.887692093005
0.0157643712374	0.00155	0.155	0.138950405497
0.0670782411731	0.00155	0.155	0.835122996057
0.115591359483	0.00155	0.155	1.11780695815
0.066506926457	0.00155	0.155	0.743267429515
0.036025048982	0.00155	0.155	0.264228667293
0.0411145740809	0.00155	0.155	0.530951434699
0.00660316502797	0.00155	0.155	0.314124817183
0.0114899559829	0.00155	0.155	1.24062556945
0.00311605335239	0.00155	0.155	1.33275793443
0.00210130287846	0.00155	0.155	1.21536632762
0.0111959129439	0.00155	0.155	0.217523642304
0.00484286249095	0.00155	0.155	1.4445028812
0.00351338979861	0.00155	0.155	1.55404922894
0.00317030756419	0.00155	0.155	0.57308378934
0.138814963016	0.00155	0.155	1.46910779223
0.0205952520233	0.00155	0.155	0.402851876142
0.00283122939359	0.00155	0.155	0.774591458932
0.0197281275458	0.00155	0.155	0.201717880457
0.00184410495264	0.00155	0.155	1.59943006993
0.121306051038	0.00155	0.155	1.07339081599
0.00921855764094	0.00155	0.155	0.632380058545
0.0126345017421	0.00155	0.155	0.266172934897
0.0127697250541	0.00155	0.155	1.87627639714
0.152673434003	0.00155	0.155	1.07257989314
0.00198803315607	0.00155	0.155	1.31949446873
0.00688100088101	0.00155	0.155	0.578128186751
0.00287488483329	0.00155	0.155	1.05568266456
0.00529263011066	0.00155	0.155	0.665840434547
0.0306220949373	0.00155	0.155	0.50596992815
0.0471082712147	0.00155	0.155	0.304732981311
0.00162660440321	0.00155	0.155	1.75039135717
0.0136268845168	0.00155	0.155	1.39849084983
0.0138934599698	0.00155	0.155	0.620070774739
0.0195416045063	0.00155	0.155	0.13365688752
0.0132095275058	0.00155	0.155	0.254411625264
0.0434042925858	0.00155	0.155	0.911176126646
0.145892049357	0.00155	0.155	0.868401520251
0.00338011675735	0.00155	0.155	0.644468589974
0.0246238457631	0.00155	0.155	0.229367935754
0.0346903034761	0.00155	0.155	0.744583148234
0.00227281036426	0.00155	0.155	2.20986588783
0.00340969329016	0.00155	0.155	1.00926469345
0.122465412653	0.00155	0.155	1.21404304944
0.082403596825	0.00155	0.155	1.25312169286
0.0366578382557	0.00155	0.155	0.236843730124
0.00348573920606	0.00155	0.155	0.865815546073
0.0148525509456	0.00155	0.155	0.952233312715
0.00316846102914	0.00155	0.155	1.28386906991
0.0964818721079	0.00155	0.155	1.34656213639
0.00321318556387	0.00155	0.155	1.46373483378
0.00410304889238	0.00155	0.155	1.28408761324
0.0168010966775	0.00155	0.155	0.715661231559
0.0215515798923	0.00155	0.155	0.309746564117
0.00392806918892	0.00155	0.155	0.625340035855
0.0287953007408	0.00155	0.155	0.567969281038
0.114953973367	0.00155	0.155	1.29386594453
0.0161016136915	0.00155	0.155	0.604056117157
0.121374809078	0.00155	0.155	1.45571638822
0.0111777272971	0.00155	0.155	0.430760025457
0.0578629366322	0.00155	0.155	0.631226685132
0.00390502204481	0.00155	0.155	0.850052517095
0.0259325791536	0.00155	0.155	0.508061733805
0.00200962920275	0.00155	0.155	0.892799969615
0.00280745894618	0.00155	0.155	3.3517700202
0.00189706210594	0.00155	0.155	0.813249333753
0.00179557566636	0.00155	0.155	0.642645994561
